1000 0.000000
2000 0.010000
3000 0.020000
4000 0.040000
5000 0.070000
6000 0.100000
7000 0.140000
8000 0.180000
9000 0.230000
10000 0.280000
11000 0.340000
12000 0.400000
13000 0.480000
14000 0.550000
15000 0.580000
16000 0.720000
17000 0.810000
18000 0.890000
19000 0.860000
20000 0.990000
21000 1.090000
22000 1.160000
23000 1.500000
24000 1.630000
25000 1.760000
26000 1.890000
27000 2.070000
28000 2.220000
29000 2.350000
30000 2.550000
31000 2.710000
32000 2.920000
33000 3.090000
34000 3.240000
35000 3.490000
36000 3.660000
37000 3.870000
38000 4.100000
39000 4.310000
40000 4.560000
41000 4.740000
42000 5.000000
43000 5.210000
44000 5.470000
45000 5.710000
46000 5.970000
47000 6.240000
48000 6.500000
49000 6.790000
50000 7.060000
51000 7.350000
52000 7.640000
53000 7.710000
54000 8.260000
55000 8.630000
56000 8.900000
57000 9.220000
58000 9.520000
59000 9.810000
60000 10.220000
61000 10.510000
62000 10.820000
63000 11.180000
64000 11.600000
65000 11.890000
66000 12.360000
67000 12.730000
68000 13.080000
69000 13.510000
70000 13.840000
71000 14.250000
72000 14.490000
73000 15.120000
74000 15.370000
75000 15.930000
76000 16.400000
77000 16.750000
78000 17.270000
79000 17.719999
80000 18.200001
81000 18.540001
82000 19.049999
83000 18.940001
84000 19.690001
85000 20.410000
86000 20.959999
87000 21.250000
88000 21.830000
89000 22.469999
90000 22.969999
91000 23.490000
92000 24.070000
93000 24.510000
94000 25.040001
95000 25.639999
96000 26.100000
97000 26.680000
98000 27.150000
99000 27.750000
