1000 0.000000
2000 0.000000
3000 0.000000
4000 0.000000
5000 0.000000
6000 0.000000
7000 0.000000
8000 0.000000
9000 0.000000
10000 0.000000
11000 0.000000
12000 0.000000
13000 0.010000
14000 0.010000
15000 0.000000
16000 0.000000
17000 0.000000
18000 0.000000
19000 0.010000
20000 0.000000
21000 0.000000
22000 0.000000
23000 0.000000
24000 0.000000
25000 0.010000
26000 0.010000
27000 0.010000
28000 0.010000
29000 0.000000
30000 0.010000
31000 0.000000
32000 0.000000
33000 0.000000
34000 0.020000
35000 0.010000
36000 0.010000
37000 0.010000
38000 0.010000
39000 0.010000
40000 0.010000
41000 0.010000
42000 0.010000
43000 0.010000
44000 0.010000
45000 0.010000
46000 0.020000
47000 0.010000
48000 0.000000
49000 0.000000
50000 0.020000
51000 0.010000
52000 0.010000
53000 0.010000
54000 0.010000
55000 0.010000
56000 0.010000
57000 0.020000
58000 0.010000
59000 0.020000
60000 0.010000
61000 0.020000
62000 0.010000
63000 0.020000
64000 0.010000
65000 0.010000
66000 0.020000
67000 0.020000
68000 0.020000
69000 0.010000
70000 0.020000
71000 0.020000
72000 0.010000
73000 0.010000
74000 0.020000
75000 0.020000
76000 0.020000
77000 0.020000
78000 0.010000
79000 0.020000
80000 0.010000
81000 0.020000
82000 0.030000
83000 0.020000
84000 0.010000
85000 0.020000
86000 0.020000
87000 0.020000
88000 0.020000
89000 0.020000
90000 0.020000
91000 0.020000
92000 0.020000
93000 0.020000
94000 0.020000
95000 0.020000
96000 0.020000
97000 0.020000
98000 0.020000
99000 0.030000
